0 1.015005 0.910652 0.268140 1.010637
0 0.756356 0.970719 0.212536 0.958086
0 1.300699 0.714425 0.107778 0.410598
0 1.197223 0.729600 0.103557 0.432077
0 0.334116 0.691740 0.102390 0.417022
0 1.693579 0.980071 0.303631 0.972351
0 0.909182 0.855590 0.136788 0.982258
0 1.542053 0.668163 0.091799 0.307132
0 1.481771 0.640285 0.074171 0.317375
0 1.361477 0.649317 0.065319 0.319946
0 1.904082 0.706352 0.146087 0.476439
0 1.246957 0.559407 0.049256 0.161873
0 0.760692 0.520092 0.137630 0.258659
0 1.915693 0.848334 0.168614 0.663997
0 1.141759 0.526077 0.051646 0.134823
0 1.331582 0.526875 0.032274 0.057781
